0: 4 []
1: 3 5 []
2: 2 4 3 []
3: 1 3 2 [9]
4: 9 2 1 [8]
5: 8 1 8 [8]
6: 7 8 7 [7]
7: 6 7 6 [7, 4]
8: 5 6 5 [7, 4]
9: 4 5 4 [7, 4, 3]
10: 3 4 3 [7, 4, 3, 5]
11: 2 3 2 [7, 4, 3, 5, 5]
12: 1 2 1 [7, 4, 3, 5, 5, 9]
13: 7 1 4 [3, 5, 5, 9, 7]
14: 6 3 3 [5, 5, 9, 7, 7]
15: 5 2 2 [5, 5, 9, 7, 7, 3]
16: 4 1 1 [5, 5, 9, 7, 7, 3, 5]
17: 3 5 5 [9, 7, 7, 3, 5, 8]
18: 2 4 4 [9, 7, 7, 3, 5, 8, 3]
19: 1 3 3 [9, 7, 7, 3, 5, 8, 3, 3]
20: 9 2 2 [7, 7, 3, 5, 8, 3, 3]
21: 8 1 1 [7, 7, 3, 5, 8, 3, 3]
22: 7 7 7 [3, 5, 8, 3, 3]
23: 6 6 6 [3, 5, 8, 3, 3]
24: 5 5 5 [3, 5, 8, 3, 3]
25: 4 4 4 [3, 5, 8, 3, 3]
26: 3 3 3 [3, 5, 8, 3, 3]
27: 2 2 2 [3, 5, 8, 3, 3]
28: 1 1 1 [3, 5, 8, 3, 3]
29: 3 5 8 [3, 3]
30: 2 4 7 [3, 3]
31: 1 3 6 [3, 3]
32: 3 2 5 [3]
33: 2 1 4 [3]
34: 1 3 3 []
35: 2 2 []
36: 1 1 []
37: []
